0 0.5111
1 -0.18218
2 -0.0180474
3 -0.0340539
4 0.00946501
5 -0.00716594
6 0.00210344
7 -0.0117302
8 0.00917104
9 -0.00319053
10 -0.000883579
11 0.00307874
12 -0.000962389
13 -0.00202439
14 0.00390313
15 -0.00105903
16 -0.00357472
17 0.00153096
18 -0.00303133
19 -0.000924528
20 0.00128499
21 0.00304494
22 -0.00260486
23 -0.00201179
24 0.000205731
25 -0.00116775
26 -0.000478752
27 -0.000233714
28 -0.000280759
29 0.000944915
30 0.000856447
31 -0.00179965
32 0.00242513
33 -0.00235345
34 0.000927277
35 0.00177688
36 -0.00303425
37 0.00222206
38 0.00143845
39 -0.00410348
40 0.00122672
41 0.00243154
42 -0.0026954
43 0.00188858
44 -0.000658947
45 7.61711e-05
46 0.00169371
47 -0.00118456
48 -0.000559391
49 0.00111069
50 -0.000463537
51 0.00106365
52 -0.000531229
53 -0.00135868
54 0.00219151
55 -0.000141328
56 -0.0012936
57 0.00051183
58 0.000895359
59 -0.000582438
60 -0.000204297
61 0.000228738
62 0.000133038
63 -0.000144807
64 0
65 -0.000144807
66 0.000133038
67 0.000228738
68 -0.000204297
69 -0.000582438
70 0.000895359
71 0.00051183
72 -0.0012936
73 -0.000141328
74 0.00219151
75 -0.00135868
76 -0.000531229
77 0.00106365
78 -0.000463537
79 0.00111069
80 -0.000559391
81 -0.00118456
82 0.00169371
83 7.61711e-05
84 -0.000658947
85 0.00188858
86 -0.0026954
87 0.00243154
88 0.00122672
89 -0.00410348
90 0.00143845
91 0.00222206
92 -0.00303425
93 0.00177688
94 0.000927277
95 -0.00235345
96 0.00242513
97 -0.00179965
98 0.000856447
99 0.000944915
100 -0.000280759
101 -0.000233714
102 -0.000478752
103 -0.00116775
104 0.000205731
105 -0.00201179
106 -0.00260486
107 0.00304494
108 0.00128499
109 -0.000924528
110 -0.00303133
111 0.00153096
112 -0.00357472
113 -0.00105903
114 0.00390313
115 -0.00202439
116 -0.000962389
117 0.00307874
118 -0.000883579
119 -0.00319053
120 0.00917104
121 -0.0117302
122 0.00210344
123 -0.00716594
124 0.00946501
125 -0.0340539
126 -0.0180474
127 -0.18218
